0 0.5609375 0.17890625 0.20703125 0.2640625
0 0.91015625 0.18125 0.13671875 0.31015625
0 0.10703125 0.49296875 0.14453125 0.29296875
0 0.49140625 0.521875 0.14921875 0.30546875
0 0.83203125 0.55078125 0.1609375 0.228125
0 0.165625 0.77265625 0.165625 0.1703125
0 0.475 0.79453125 0.0890625 0.23828125
0 0.9734375 0.86640625 0.03828125 0.14453125
0 0.821875 0.88125 0.115625 0.18046875
0 0.7453125 0.90625 0.0984375 0.18515625
0 0.5734375 0.928125 0.15390625 0.1390625
0 0.19921875 0.12109375 0.1203125 0.22109375